# FAST-LIVO2 calibration format
cam_model: Pinhole
cam_width: 1280
cam_height: 720
scale: 1.0
cam_fx: 900.36
cam_fy: 900.964
cam_cx: 638.542
cam_cy: 386.382
cam_d0: 0.0637134
cam_d1: -0.0015628
cam_d2: 0.00783586
cam_d3: -0.0016709

Rcl: [ -0.014085,  -0.999878,   0.006825,
        0.435591,  -0.012279,  -0.900061,
        0.900035,  -0.009705,   0.435710]
Pcl: [  0.053308,  -0.209322,  -0.022955]
