# FAST-LIVO2 calibration format
cam_model: Equidistant
cam_width: 1280
cam_height: 1024
scale: 1.0
cam_fx: 465.812
cam_fy: 465.208
cam_cx: 659.105
cam_cy: 520.721
cam_d0: -0.0204177
cam_d1: -0.000346451
cam_d2: -0.00400059
cam_d3: 0.00244447

Rcl: [ -0.015090,  -0.999825,   0.011095,
        0.451405,  -0.016713,  -0.892163,
        0.892192,  -0.008454,   0.451578]
Pcl: [ -0.048254,  -0.136937,  -0.014948]
