time: 2026-04-09 16:41:49
lidar_centers: {1.91587,0.303055,0.61388} {1.91489,0.293833,0.215973} {1.91632,-0.20188,0.22922} {1.91731,-0.192921,0.628292}
qr_centers: {-0.363067,-0.672257,1.87315} {-0.354133,-0.272454,1.86433} {0.145475,-0.283252,1.88093} {0.136541,-0.683055,1.88975}
time: 2026-04-09 16:43:21
lidar_centers: {1.60031,0.21468,0.555942} {1.59408,0.210542,0.157247} {1.60223,-0.290724,0.162632} {1.60845,-0.282633,0.564709}
qr_centers: {-0.263246,-0.607955,1.54804} {-0.258582,-0.208069,1.53967} {0.24091,-0.213437,1.56155} {0.236246,-0.613323,1.56992}
time: 2026-04-09 16:43:51
lidar_centers: {1.65701,0.00241785,0.568525} {1.61041,0.00600512,0.172333} {1.5466,-0.488457,0.176479} {1.59372,-0.490244,0.575137}
qr_centers: {-0.0508055,-0.618165,1.61134} {-0.0543012,-0.221373,1.5609} {0.443409,-0.223059,1.51314} {0.446905,-0.619851,1.56358}
time: 2026-04-09 16:44:39
lidar_centers: {1.65915,0.0117253,0.562178} {1.60846,0.0110573,0.164828} {1.5471,-0.483661,0.175688} {1.5978,-0.483024,0.573081}
qr_centers: {-0.0595025,-0.611359,1.61591} {-0.0595997,-0.215383,1.55932} {0.438197,-0.221896,1.5129} {0.438295,-0.617873,1.56949}
