# FAST-LIVO2 calibration format
cam_model: Pinhole
cam_width: 1440
cam_height: 1080
scale: 1.0
cam_fx: 522.124
cam_fy: 522.275
cam_cx: 773.466
cam_cy: 534.053
cam_d0: 0.0032495
cam_d1: -0.0171041
cam_d2: 0.000669657
cam_d3: -0.000350205

Rcl: [ -0.030406,  -0.999502,   0.008490,
        0.014662,  -0.008939,  -0.999853,
        0.999430,  -0.030276,   0.014927]
Pcl: [ -0.000899,  -0.073353,  -0.050461]
